10100001100010001110111111111111
11111000000000000000101100010100
00000101011101001101101101000101
01111001111000000000000111111111
11111110100010100110110010100010
10101011011010110001110101100000
10111100100100111010101100011010
10101010111110110011011111000000
00000011111111111111110110010101
01010010001110100100001100000111
11000001010001010111101101000011
11111111110010000000000001111011
01000011111111111100100000000000
01110110110111110101010100111011
11100000000000011111111111111110
11111011001011011010001010111011
01101011101000101100110111110000
00000000111111111111111101111001
11011100110010110110100110101000
01110101000001101000101010101000
10100111011111000000000000111111
11111111110101110101000110000110
10001011111011001010001010011011
00101011101000101010110111110000
00000000111111111111111110110010
00111110110101011110011111001000
00101011110100010110110001000110
10100101110000111011100001110111
00000100101011100111010100001100
01000111011111111111111111000000
00000000010110001010000000101011
10100110110110100010101111001111
00000000000011111111111111110100
01010011011001010001010101011011
01011000001011110010010011101010
11000110101010101011111011001101
11110000000000001111111111111111
01100101010101001000111000001111
10000010100010101110110110111110
10101010011101111100000000000011
11111111111111011111011001011011
01000101011010101011011010111010
00101100110111110000000000001111
11111111111101111001110111001100
10110110100110101000001101000101
01010100010100111011111000000000
00011111111111111110101110101000
11000011010001011111011001010001
01001101100101011101000101010110
11111000000000000111111111111111
11011001000111110110101011110011
11100100000101011110100010110110
00100011010100001111000111000001
11100111000000111100111100000111
10010010000011110010100000011110
00101000110110100000000000001111
11111111111101000000111010000001
11010000000100111100010100000111
10011100000011110011110000011110
01001000001111001010000001000001
01000000100001101000010110000111
10001111000011110001011000010111
11010100111111111111111111111111
xxxx
00000000000000000000000000000000
01100000000000000000000000000010
11111000111111111111001111111111
11111110000000100000000000001000
11011111111111111111111111111101
11101111111111111111111111110111
11010000111111111111001000111111
00000000011111100000000000011100
