10100001100010001110111111111111
11111000000000000000101011010100
00000101100101001101101101000101
10001000000111101000101001101011
10100010101010110110110000000101
11000100100111010101100011010101
01010111010101110111110101110101
01010010001110000011111000001010
00101100101101101110101010101001
10111110111010101110110110100010
11000101010110110110010100010101
11011111011100011101110010111011
01101001101010000011010001010101
01000101001101111101100101010001
10000110100010111010101110100010
10011010111011001010001010101011
11110110010001111101101010111100
11111001000001010110101000101101
10001000110100110011110001110000
01111001110000001111001111000001
11100100100000111100101000000111
10001010000010001010101111010000
00111010000001110100000001001111
00010100000111100111000000111100
11110000011110010010000011110010
10000001000001010000001000011010
00010101100111100011101100111100
01010110010111110100111111111111
xxxx
00000000000000000000000000000000
01100000000000000000000000000010
11111000111111111111001111111111
11011111111111111111111111111101
11111110000000100000000000001000
11101111111111111111111111110111
00000000011111100000000000011100
11111000000000000111111111111111
