10110001100010010110111111111111
11111000000000000000101110010100
00100101001101010101111101100101
00111001111000000000000111111111
11111110110010101010111010110010
10001011111010011010011010010001
11100000000001111110000000000001
11000010010011101110110001100010
10001100000000001111110000000000
00111001011101101111100000000000
01111111111111111011101010001010
10101010101010101010000111000001
11110010010110010100110110110110
11011011011011011011011010001110
11111100000000001111110000000000
00111001010001010101101111100000
00000001111111111111111100000000
00111111000000000000111001011101
01111101100101001101111101001101
10010111011011111000000000000111
11111111111111000000000011111100
00000000001110000111011100111010
11111010101010001010001010001010
00000111011001010001011001010101
10111110000000000001111111111111
11101001101000001100001101100110
00000000011111100000000000011100
10111010110010101010111010100110
11001010001101111100000000000011
11111111111111101100100011111011
01010111100111111101010000001111
11000000000000111001011001011111
00010001101011010101110101110101
11010111010111010111010111010111
01011000110010101110010111111111
xxxx
11111000111111111111001111111111
11111110000000100000000000001000
01100000000000000000000000000010
11010000111111111111001000111111
00000000000000000000000000000000
11010000111111111111001000000000
11011111111111111111111111111101
11101111111111111111111111110111